0.00 53.33 106.67 160.00 213.33 266.67 320.00 373.33 426.67 480.00 53.33 75.42 119.26 168.65 219.90 271.95 324.41 377.12 429.99 482.95 106.67 119.26 150.85 192.30 238.51 287.21 337.31 388.27 439.80 491.71 160.00 168.65 192.30 226.27 266.67 310.98 357.77 406.17 455.68 505.96 213.33 219.90 238.51 266.67 301.70 341.50 384.59 429.99 477.03 525.27 266.67 271.95 287.21 310.98 341.50 377.12 416.55 458.79 503.15 549.10 320.00 324.41 337.31 357.77 384.59 416.55 452.55 491.71 533.33 576.89 373.33 377.12 388.27 406.17 429.99 458.79 491.71 527.97 566.94 608.09 426.67 429.99 439.80 455.68 477.03 503.15 533.33 566.94 603.40 642.22 480.00 482.95 491.71 505.96 525.27 549.10 576.89 608.09 642.22 678.82
53.33 0.00 53.33 106.67 160.00 213.33 266.67 320.00 373.33 426.67 75.42 53.33 75.42 119.26 168.65 219.90 271.95 324.41 377.12 429.99 119.26 106.67 119.26 150.85 192.30 238.51 287.21 337.31 388.27 439.80 168.65 160.00 168.65 192.30 226.27 266.67 310.98 357.77 406.17 455.68 219.90 213.33 219.90 238.51 266.67 301.70 341.50 384.59 429.99 477.03 271.95 266.67 271.95 287.21 310.98 341.50 377.12 416.55 458.79 503.15 324.41 320.00 324.41 337.31 357.77 384.59 416.55 452.55 491.71 533.33 377.12 373.33 377.12 388.27 406.17 429.99 458.79 491.71 527.97 566.94 429.99 426.67 429.99 439.80 455.68 477.03 503.15 533.33 566.94 603.40 482.95 480.00 482.95 491.71 505.96 525.27 549.10 576.89 608.09 642.22
106.67 53.33 0.00 53.33 106.67 160.00 213.33 266.67 320.00 373.33 119.26 75.42 53.33 75.42 119.26 168.65 219.90 271.95 324.41 377.12 150.85 119.26 106.67 119.26 150.85 192.30 238.51 287.21 337.31 388.27 192.30 168.65 160.00 168.65 192.30 226.27 266.67 310.98 357.77 406.17 238.51 219.90 213.33 219.90 238.51 266.67 301.70 341.50 384.59 429.99 287.21 271.95 266.67 271.95 287.21 310.98 341.50 377.12 416.55 458.79 337.31 324.41 320.00 324.41 337.31 357.77 384.59 416.55 452.55 491.71 388.27 377.12 373.33 377.12 388.27 406.17 429.99 458.79 491.71 527.97 439.80 429.99 426.67 429.99 439.80 455.68 477.03 503.15 533.33 566.94 491.71 482.95 480.00 482.95 491.71 505.96 525.27 549.10 576.89 608.09
160.00 106.67 53.33 0.00 53.33 106.67 160.00 213.33 266.67 320.00 168.65 119.26 75.42 53.33 75.42 119.26 168.65 219.90 271.95 324.41 192.30 150.85 119.26 106.67 119.26 150.85 192.30 238.51 287.21 337.31 226.27 192.30 168.65 160.00 168.65 192.30 226.27 266.67 310.98 357.77 266.67 238.51 219.90 213.33 219.90 238.51 266.67 301.70 341.50 384.59 310.98 287.21 271.95 266.67 271.95 287.21 310.98 341.50 377.12 416.55 357.77 337.31 324.41 320.00 324.41 337.31 357.77 384.59 416.55 452.55 406.17 388.27 377.12 373.33 377.12 388.27 406.17 429.99 458.79 491.71 455.68 439.80 429.99 426.67 429.99 439.80 455.68 477.03 503.15 533.33 505.96 491.71 482.95 480.00 482.95 491.71 505.96 525.27 549.10 576.89
213.33 160.00 106.67 53.33 0.00 53.33 106.67 160.00 213.33 266.67 219.90 168.65 119.26 75.42 53.33 75.42 119.26 168.65 219.90 271.95 238.51 192.30 150.85 119.26 106.67 119.26 150.85 192.30 238.51 287.21 266.67 226.27 192.30 168.65 160.00 168.65 192.30 226.27 266.67 310.98 301.70 266.67 238.51 219.90 213.33 219.90 238.51 266.67 301.70 341.50 341.50 310.98 287.21 271.95 266.67 271.95 287.21 310.98 341.50 377.12 384.59 357.77 337.31 324.41 320.00 324.41 337.31 357.77 384.59 416.55 429.99 406.17 388.27 377.12 373.33 377.12 388.27 406.17 429.99 458.79 477.03 455.68 439.80 429.99 426.67 429.99 439.80 455.68 477.03 503.15 525.27 505.96 491.71 482.95 480.00 482.95 491.71 505.96 525.27 549.10
266.67 213.33 160.00 106.67 53.33 0.00 53.33 106.67 160.00 213.33 271.95 219.90 168.65 119.26 75.42 53.33 75.42 119.26 168.65 219.90 287.21 238.51 192.30 150.85 119.26 106.67 119.26 150.85 192.30 238.51 310.98 266.67 226.27 192.30 168.65 160.00 168.65 192.30 226.27 266.67 341.50 301.70 266.67 238.51 219.90 213.33 219.90 238.51 266.67 301.70 377.12 341.50 310.98 287.21 271.95 266.67 271.95 287.21 310.98 341.50 416.55 384.59 357.77 337.31 324.41 320.00 324.41 337.31 357.77 384.59 458.79 429.99 406.17 388.27 377.12 373.33 377.12 388.27 406.17 429.99 503.15 477.03 455.68 439.80 429.99 426.67 429.99 439.80 455.68 477.03 549.10 525.27 505.96 491.71 482.95 480.00 482.95 491.71 505.96 525.27
320.00 266.67 213.33 160.00 106.67 53.33 0.00 53.33 106.67 160.00 324.41 271.95 219.90 168.65 119.26 75.42 53.33 75.42 119.26 168.65 337.31 287.21 238.51 192.30 150.85 119.26 106.67 119.26 150.85 192.30 357.77 310.98 266.67 226.27 192.30 168.65 160.00 168.65 192.30 226.27 384.59 341.50 301.70 266.67 238.51 219.90 213.33 219.90 238.51 266.67 416.55 377.12 341.50 310.98 287.21 271.95 266.67 271.95 287.21 310.98 452.55 416.55 384.59 357.77 337.31 324.41 320.00 324.41 337.31 357.77 491.71 458.79 429.99 406.17 388.27 377.12 373.33 377.12 388.27 406.17 533.33 503.15 477.03 455.68 439.80 429.99 426.67 429.99 439.80 455.68 576.89 549.10 525.27 505.96 491.71 482.95 480.00 482.95 491.71 505.96
373.33 320.00 266.67 213.33 160.00 106.67 53.33 0.00 53.33 106.67 377.12 324.41 271.95 219.90 168.65 119.26 75.42 53.33 75.42 119.26 388.27 337.31 287.21 238.51 192.30 150.85 119.26 106.67 119.26 150.85 406.17 357.77 310.98 266.67 226.27 192.30 168.65 160.00 168.65 192.30 429.99 384.59 341.50 301.70 266.67 238.51 219.90 213.33 219.90 238.51 458.79 416.55 377.12 341.50 310.98 287.21 271.95 266.67 271.95 287.21 491.71 452.55 416.55 384.59 357.77 337.31 324.41 320.00 324.41 337.31 527.97 491.71 458.79 429.99 406.17 388.27 377.12 373.33 377.12 388.27 566.94 533.33 503.15 477.03 455.68 439.80 429.99 426.67 429.99 439.80 608.09 576.89 549.10 525.27 505.96 491.71 482.95 480.00 482.95 491.71
426.67 373.33 320.00 266.67 213.33 160.00 106.67 53.33 0.00 53.33 429.99 377.12 324.41 271.95 219.90 168.65 119.26 75.42 53.33 75.42 439.80 388.27 337.31 287.21 238.51 192.30 150.85 119.26 106.67 119.26 455.68 406.17 357.77 310.98 266.67 226.27 192.30 168.65 160.00 168.65 477.03 429.99 384.59 341.50 301.70 266.67 238.51 219.90 213.33 219.90 503.15 458.79 416.55 377.12 341.50 310.98 287.21 271.95 266.67 271.95 533.33 491.71 452.55 416.55 384.59 357.77 337.31 324.41 320.00 324.41 566.94 527.97 491.71 458.79 429.99 406.17 388.27 377.12 373.33 377.12 603.40 566.94 533.33 503.15 477.03 455.68 439.80 429.99 426.67 429.99 642.22 608.09 576.89 549.10 525.27 505.96 491.71 482.95 480.00 482.95
480.00 426.67 373.33 320.00 266.67 213.33 160.00 106.67 53.33 0.00 482.95 429.99 377.12 324.41 271.95 219.90 168.65 119.26 75.42 53.33 491.71 439.80 388.27 337.31 287.21 238.51 192.30 150.85 119.26 106.67 505.96 455.68 406.17 357.77 310.98 266.67 226.27 192.30 168.65 160.00 525.27 477.03 429.99 384.59 341.50 301.70 266.67 238.51 219.90 213.33 549.10 503.15 458.79 416.55 377.12 341.50 310.98 287.21 271.95 266.67 576.89 533.33 491.71 452.55 416.55 384.59 357.77 337.31 324.41 320.00 608.09 566.94 527.97 491.71 458.79 429.99 406.17 388.27 377.12 373.33 642.22 603.40 566.94 533.33 503.15 477.03 455.68 439.80 429.99 426.67 678.82 642.22 608.09 576.89 549.10 525.27 505.96 491.71 482.95 480.00
53.33 75.42 119.26 168.65 219.90 271.95 324.41 377.12 429.99 482.95 0.00 53.33 106.67 160.00 213.33 266.67 320.00 373.33 426.67 480.00 53.33 75.42 119.26 168.65 219.90 271.95 324.41 377.12 429.99 482.95 106.67 119.26 150.85 192.30 238.51 287.21 337.31 388.27 439.80 491.71 160.00 168.65 192.30 226.27 266.67 310.98 357.77 406.17 455.68 505.96 213.33 219.90 238.51 266.67 301.70 341.50 384.59 429.99 477.03 525.27 266.67 271.95 287.21 310.98 341.50 377.12 416.55 458.79 503.15 549.10 320.00 324.41 337.31 357.77 384.59 416.55 452.55 491.71 533.33 576.89 373.33 377.12 388.27 406.17 429.99 458.79 491.71 527.97 566.94 608.09 426.67 429.99 439.80 455.68 477.03 503.15 533.33 566.94 603.40 642.22
75.42 53.33 75.42 119.26 168.65 219.90 271.95 324.41 377.12 429.99 53.33 0.00 53.33 106.67 160.00 213.33 266.67 320.00 373.33 426.67 75.42 53.33 75.42 119.26 168.65 219.90 271.95 324.41 377.12 429.99 119.26 106.67 119.26 150.85 192.30 238.51 287.21 337.31 388.27 439.80 168.65 160.00 168.65 192.30 226.27 266.67 310.98 357.77 406.17 455.68 219.90 213.33 219.90 238.51 266.67 301.70 341.50 384.59 429.99 477.03 271.95 266.67 271.95 287.21 310.98 341.50 377.12 416.55 458.79 503.15 324.41 320.00 324.41 337.31 357.77 384.59 416.55 452.55 491.71 533.33 377.12 373.33 377.12 388.27 406.17 429.99 458.79 491.71 527.97 566.94 429.99 426.67 429.99 439.80 455.68 477.03 503.15 533.33 566.94 603.40
119.26 75.42 53.33 75.42 119.26 168.65 219.90 271.95 324.41 377.12 106.67 53.33 0.00 53.33 106.67 160.00 213.33 266.67 320.00 373.33 119.26 75.42 53.33 75.42 119.26 168.65 219.90 271.95 324.41 377.12 150.85 119.26 106.67 119.26 150.85 192.30 238.51 287.21 337.31 388.27 192.30 168.65 160.00 168.65 192.30 226.27 266.67 310.98 357.77 406.17 238.51 219.90 213.33 219.90 238.51 266.67 301.70 341.50 384.59 429.99 287.21 271.95 266.67 271.95 287.21 310.98 341.50 377.12 416.55 458.79 337.31 324.41 320.00 324.41 337.31 357.77 384.59 416.55 452.55 491.71 388.27 377.12 373.33 377.12 388.27 406.17 429.99 458.79 491.71 527.97 439.80 429.99 426.67 429.99 439.80 455.68 477.03 503.15 533.33 566.94
168.65 119.26 75.42 53.33 75.42 119.26 168.65 219.90 271.95 324.41 160.00 106.67 53.33 0.00 53.33 106.67 160.00 213.33 266.67 320.00 168.65 119.26 75.42 53.33 75.42 119.26 168.65 219.90 271.95 324.41 192.30 150.85 119.26 106.67 119.26 150.85 192.30 238.51 287.21 337.31 226.27 192.30 168.65 160.00 168.65 192.30 226.27 266.67 310.98 357.77 266.67 238.51 219.90 213.33 219.90 238.51 266.67 301.70 341.50 384.59 310.98 287.21 271.95 266.67 271.95 287.21 310.98 341.50 377.12 416.55 357.77 337.31 324.41 320.00 324.41 337.31 357.77 384.59 416.55 452.55 406.17 388.27 377.12 373.33 377.12 388.27 406.17 429.99 458.79 491.71 455.68 439.80 429.99 426.67 429.99 439.80 455.68 477.03 503.15 533.33
219.90 168.65 119.26 75.42 53.33 75.42 119.26 168.65 219.90 271.95 213.33 160.00 106.67 53.33 0.00 53.33 106.67 160.00 213.33 266.67 219.90 168.65 119.26 75.42 53.33 75.42 119.26 168.65 219.90 271.95 238.51 192.30 150.85 119.26 106.67 119.26 150.85 192.30 238.51 287.21 266.67 226.27 192.30 168.65 160.00 168.65 192.30 226.27 266.67 310.98 301.70 266.67 238.51 219.90 213.33 219.90 238.51 266.67 301.70 341.50 341.50 310.98 287.21 271.95 266.67 271.95 287.21 310.98 341.50 377.12 384.59 357.77 337.31 324.41 320.00 324.41 337.31 357.77 384.59 416.55 429.99 406.17 388.27 377.12 373.33 377.12 388.27 406.17 429.99 458.79 477.03 455.68 439.80 429.99 426.67 429.99 439.80 455.68 477.03 503.15
271.95 219.90 168.65 119.26 75.42 53.33 75.42 119.26 168.65 219.90 266.67 213.33 160.00 106.67 53.33 0.00 53.33 106.67 160.00 213.33 271.95 219.90 168.65 119.26 75.42 53.33 75.42 119.26 168.65 219.90 287.21 238.51 192.30 150.85 119.26 106.67 119.26 150.85 192.30 238.51 310.98 266.67 226.27 192.30 168.65 160.00 168.65 192.30 226.27 266.67 341.50 301.70 266.67 238.51 219.90 213.33 219.90 238.51 266.67 301.70 377.12 341.50 310.98 287.21 271.95 266.67 271.95 287.21 310.98 341.50 416.55 384.59 357.77 337.31 324.41 320.00 324.41 337.31 357.77 384.59 458.79 429.99 406.17 388.27 377.12 373.33 377.12 388.27 406.17 429.99 503.15 477.03 455.68 439.80 429.99 426.67 429.99 439.80 455.68 477.03
324.41 271.95 219.90 168.65 119.26 75.42 53.33 75.42 119.26 168.65 320.00 266.67 213.33 160.00 106.67 53.33 0.00 53.33 106.67 160.00 324.41 271.95 219.90 168.65 119.26 75.42 53.33 75.42 119.26 168.65 337.31 287.21 238.51 192.30 150.85 119.26 106.67 119.26 150.85 192.30 357.77 310.98 266.67 226.27 192.30 168.65 160.00 168.65 192.30 226.27 384.59 341.50 301.70 266.67 238.51 219.90 213.33 219.90 238.51 266.67 416.55 377.12 341.50 310.98 287.21 271.95 266.67 271.95 287.21 310.98 452.55 416.55 384.59 357.77 337.31 324.41 320.00 324.41 337.31 357.77 491.71 458.79 429.99 406.17 388.27 377.12 373.33 377.12 388.27 406.17 533.33 503.15 477.03 455.68 439.80 429.99 426.67 429.99 439.80 455.68
377.12 324.41 271.95 219.90 168.65 119.26 75.42 53.33 75.42 119.26 373.33 320.00 266.67 213.33 160.00 106.67 53.33 0.00 53.33 106.67 377.12 324.41 271.95 219.90 168.65 119.26 75.42 53.33 75.42 119.26 388.27 337.31 287.21 238.51 192.30 150.85 119.26 106.67 119.26 150.85 406.17 357.77 310.98 266.67 226.27 192.30 168.65 160.00 168.65 192.30 429.99 384.59 341.50 301.70 266.67 238.51 219.90 213.33 219.90 238.51 458.79 416.55 377.12 341.50 310.98 287.21 271.95 266.67 271.95 287.21 491.71 452.55 416.55 384.59 357.77 337.31 324.41 320.00 324.41 337.31 527.97 491.71 458.79 429.99 406.17 388.27 377.12 373.33 377.12 388.27 566.94 533.33 503.15 477.03 455.68 439.80 429.99 426.67 429.99 439.80
429.99 377.12 324.41 271.95 219.90 168.65 119.26 75.42 53.33 75.42 426.67 373.33 320.00 266.67 213.33 160.00 106.67 53.33 0.00 53.33 429.99 377.12 324.41 271.95 219.90 168.65 119.26 75.42 53.33 75.42 439.80 388.27 337.31 287.21 238.51 192.30 150.85 119.26 106.67 119.26 455.68 406.17 357.77 310.98 266.67 226.27 192.30 168.65 160.00 168.65 477.03 429.99 384.59 341.50 301.70 266.67 238.51 219.90 213.33 219.90 503.15 458.79 416.55 377.12 341.50 310.98 287.21 271.95 266.67 271.95 533.33 491.71 452.55 416.55 384.59 357.77 337.31 324.41 320.00 324.41 566.94 527.97 491.71 458.79 429.99 406.17 388.27 377.12 373.33 377.12 603.40 566.94 533.33 503.15 477.03 455.68 439.80 429.99 426.67 429.99
482.95 429.99 377.12 324.41 271.95 219.90 168.65 119.26 75.42 53.33 480.00 426.67 373.33 320.00 266.67 213.33 160.00 106.67 53.33 0.00 482.95 429.99 377.12 324.41 271.95 219.90 168.65 119.26 75.42 53.33 491.71 439.80 388.27 337.31 287.21 238.51 192.30 150.85 119.26 106.67 505.96 455.68 406.17 357.77 310.98 266.67 226.27 192.30 168.65 160.00 525.27 477.03 429.99 384.59 341.50 301.70 266.67 238.51 219.90 213.33 549.10 503.15 458.79 416.55 377.12 341.50 310.98 287.21 271.95 266.67 576.89 533.33 491.71 452.55 416.55 384.59 357.77 337.31 324.41 320.00 608.09 566.94 527.97 491.71 458.79 429.99 406.17 388.27 377.12 373.33 642.22 603.40 566.94 533.33 503.15 477.03 455.68 439.80 429.99 426.67
106.67 119.26 150.85 192.30 238.51 287.21 337.31 388.27 439.80 491.71 53.33 75.42 119.26 168.65 219.90 271.95 324.41 377.12 429.99 482.95 0.00 53.33 106.67 160.00 213.33 266.67 320.00 373.33 426.67 480.00 53.33 75.42 119.26 168.65 219.90 271.95 324.41 377.12 429.99 482.95 106.67 119.26 150.85 192.30 238.51 287.21 337.31 388.27 439.80 491.71 160.00 168.65 192.30 226.27 266.67 310.98 357.77 406.17 455.68 505.96 213.33 219.90 238.51 266.67 301.70 341.50 384.59 429.99 477.03 525.27 266.67 271.95 287.21 310.98 341.50 377.12 416.55 458.79 503.15 549.10 320.00 324.41 337.31 357.77 384.59 416.55 452.55 491.71 533.33 576.89 373.33 377.12 388.27 406.17 429.99 458.79 491.71 527.97 566.94 608.09
119.26 106.67 119.26 150.85 192.30 238.51 287.21 337.31 388.27 439.80 75.42 53.33 75.42 119.26 168.65 219.90 271.95 324.41 377.12 429.99 53.33 0.00 53.33 106.67 160.00 213.33 266.67 320.00 373.33 426.67 75.42 53.33 75.42 119.26 168.65 219.90 271.95 324.41 377.12 429.99 119.26 106.67 119.26 150.85 192.30 238.51 287.21 337.31 388.27 439.80 168.65 160.00 168.65 192.30 226.27 266.67 310.98 357.77 406.17 455.68 219.90 213.33 219.90 238.51 266.67 301.70 341.50 384.59 429.99 477.03 271.95 266.67 271.95 287.21 310.98 341.50 377.12 416.55 458.79 503.15 324.41 320.00 324.41 337.31 357.77 384.59 416.55 452.55 491.71 533.33 377.12 373.33 377.12 388.27 406.17 429.99 458.79 491.71 527.97 566.94
150.85 119.26 106.67 119.26 150.85 192.30 238.51 287.21 337.31 388.27 119.26 75.42 53.33 75.42 119.26 168.65 219.90 271.95 324.41 377.12 106.67 53.33 0.00 53.33 106.67 160.00 213.33 266.67 320.00 373.33 119.26 75.42 53.33 75.42 119.26 168.65 219.90 271.95 324.41 377.12 150.85 119.26 106.67 119.26 150.85 192.30 238.51 287.21 337.31 388.27 192.30 168.65 160.00 168.65 192.30 226.27 266.67 310.98 357.77 406.17 238.51 219.90 213.33 219.90 238.51 266.67 301.70 341.50 384.59 429.99 287.21 271.95 266.67 271.95 287.21 310.98 341.50 377.12 416.55 458.79 337.31 324.41 320.00 324.41 337.31 357.77 384.59 416.55 452.55 491.71 388.27 377.12 373.33 377.12 388.27 406.17 429.99 458.79 491.71 527.97
192.30 150.85 119.26 106.67 119.26 150.85 192.30 238.51 287.21 337.31 168.65 119.26 75.42 53.33 75.42 119.26 168.65 219.90 271.95 324.41 160.00 106.67 53.33 0.00 53.33 106.67 160.00 213.33 266.67 320.00 168.65 119.26 75.42 53.33 75.42 119.26 168.65 219.90 271.95 324.41 192.30 150.85 119.26 106.67 119.26 150.85 192.30 238.51 287.21 337.31 226.27 192.30 168.65 160.00 168.65 192.30 226.27 266.67 310.98 357.77 266.67 238.51 219.90 213.33 219.90 238.51 266.67 301.70 341.50 384.59 310.98 287.21 271.95 266.67 271.95 287.21 310.98 341.50 377.12 416.55 357.77 337.31 324.41 320.00 324.41 337.31 357.77 384.59 416.55 452.55 406.17 388.27 377.12 373.33 377.12 388.27 406.17 429.99 458.79 491.71
238.51 192.30 150.85 119.26 106.67 119.26 150.85 192.30 238.51 287.21 219.90 168.65 119.26 75.42 53.33 75.42 119.26 168.65 219.90 271.95 213.33 160.00 106.67 53.33 0.00 53.33 106.67 160.00 213.33 266.67 219.90 168.65 119.26 75.42 53.33 75.42 119.26 168.65 219.90 271.95 238.51 192.30 150.85 119.26 106.67 119.26 150.85 192.30 238.51 287.21 266.67 226.27 192.30 168.65 160.00 168.65 192.30 226.27 266.67 310.98 301.70 266.67 238.51 219.90 213.33 219.90 238.51 266.67 301.70 341.50 341.50 310.98 287.21 271.95 266.67 271.95 287.21 310.98 341.50 377.12 384.59 357.77 337.31 324.41 320.00 324.41 337.31 357.77 384.59 416.55 429.99 406.17 388.27 377.12 373.33 377.12 388.27 406.17 429.99 458.79
287.21 238.51 192.30 150.85 119.26 106.67 119.26 150.85 192.30 238.51 271.95 219.90 168.65 119.26 75.42 53.33 75.42 119.26 168.65 219.90 266.67 213.33 160.00 106.67 53.33 0.00 53.33 106.67 160.00 213.33 271.95 219.90 168.65 119.26 75.42 53.33 75.42 119.26 168.65 219.90 287.21 238.51 192.30 150.85 119.26 106.67 119.26 150.85 192.30 238.51 310.98 266.67 226.27 192.30 168.65 160.00 168.65 192.30 226.27 266.67 341.50 301.70 266.67 238.51 219.90 213.33 219.90 238.51 266.67 301.70 377.12 341.50 310.98 287.21 271.95 266.67 271.95 287.21 310.98 341.50 416.55 384.59 357.77 337.31 324.41 320.00 324.41 337.31 357.77 384.59 458.79 429.99 406.17 388.27 377.12 373.33 377.12 388.27 406.17 429.99
337.31 287.21 238.51 192.30 150.85 119.26 106.67 119.26 150.85 192.30 324.41 271.95 219.90 168.65 119.26 75.42 53.33 75.42 119.26 168.65 320.00 266.67 213.33 160.00 106.67 53.33 0.00 53.33 106.67 160.00 324.41 271.95 219.90 168.65 119.26 75.42 53.33 75.42 119.26 168.65 337.31 287.21 238.51 192.30 150.85 119.26 106.67 119.26 150.85 192.30 357.77 310.98 266.67 226.27 192.30 168.65 160.00 168.65 192.30 226.27 384.59 341.50 301.70 266.67 238.51 219.90 213.33 219.90 238.51 266.67 416.55 377.12 341.50 310.98 287.21 271.95 266.67 271.95 287.21 310.98 452.55 416.55 384.59 357.77 337.31 324.41 320.00 324.41 337.31 357.77 491.71 458.79 429.99 406.17 388.27 377.12 373.33 377.12 388.27 406.17
388.27 337.31 287.21 238.51 192.30 150.85 119.26 106.67 119.26 150.85 377.12 324.41 271.95 219.90 168.65 119.26 75.42 53.33 75.42 119.26 373.33 320.00 266.67 213.33 160.00 106.67 53.33 0.00 53.33 106.67 377.12 324.41 271.95 219.90 168.65 119.26 75.42 53.33 75.42 119.26 388.27 337.31 287.21 238.51 192.30 150.85 119.26 106.67 119.26 150.85 406.17 357.77 310.98 266.67 226.27 192.30 168.65 160.00 168.65 192.30 429.99 384.59 341.50 301.70 266.67 238.51 219.90 213.33 219.90 238.51 458.79 416.55 377.12 341.50 310.98 287.21 271.95 266.67 271.95 287.21 491.71 452.55 416.55 384.59 357.77 337.31 324.41 320.00 324.41 337.31 527.97 491.71 458.79 429.99 406.17 388.27 377.12 373.33 377.12 388.27
439.80 388.27 337.31 287.21 238.51 192.30 150.85 119.26 106.67 119.26 429.99 377.12 324.41 271.95 219.90 168.65 119.26 75.42 53.33 75.42 426.67 373.33 320.00 266.67 213.33 160.00 106.67 53.33 0.00 53.33 429.99 377.12 324.41 271.95 219.90 168.65 119.26 75.42 53.33 75.42 439.80 388.27 337.31 287.21 238.51 192.30 150.85 119.26 106.67 119.26 455.68 406.17 357.77 310.98 266.67 226.27 192.30 168.65 160.00 168.65 477.03 429.99 384.59 341.50 301.70 266.67 238.51 219.90 213.33 219.90 503.15 458.79 416.55 377.12 341.50 310.98 287.21 271.95 266.67 271.95 533.33 491.71 452.55 416.55 384.59 357.77 337.31 324.41 320.00 324.41 566.94 527.97 491.71 458.79 429.99 406.17 388.27 377.12 373.33 377.12
491.71 439.80 388.27 337.31 287.21 238.51 192.30 150.85 119.26 106.67 482.95 429.99 377.12 324.41 271.95 219.90 168.65 119.26 75.42 53.33 480.00 426.67 373.33 320.00 266.67 213.33 160.00 106.67 53.33 0.00 482.95 429.99 377.12 324.41 271.95 219.90 168.65 119.26 75.42 53.33 491.71 439.80 388.27 337.31 287.21 238.51 192.30 150.85 119.26 106.67 505.96 455.68 406.17 357.77 310.98 266.67 226.27 192.30 168.65 160.00 525.27 477.03 429.99 384.59 341.50 301.70 266.67 238.51 219.90 213.33 549.10 503.15 458.79 416.55 377.12 341.50 310.98 287.21 271.95 266.67 576.89 533.33 491.71 452.55 416.55 384.59 357.77 337.31 324.41 320.00 608.09 566.94 527.97 491.71 458.79 429.99 406.17 388.27 377.12 373.33
160.00 168.65 192.30 226.27 266.67 310.98 357.77 406.17 455.68 505.96 106.67 119.26 150.85 192.30 238.51 287.21 337.31 388.27 439.80 491.71 53.33 75.42 119.26 168.65 219.90 271.95 324.41 377.12 429.99 482.95 0.00 53.33 106.67 160.00 213.33 266.67 320.00 373.33 426.67 480.00 53.33 75.42 119.26 168.65 219.90 271.95 324.41 377.12 429.99 482.95 106.67 119.26 150.85 192.30 238.51 287.21 337.31 388.27 439.80 491.71 160.00 168.65 192.30 226.27 266.67 310.98 357.77 406.17 455.68 505.96 213.33 219.90 238.51 266.67 301.70 341.50 384.59 429.99 477.03 525.27 266.67 271.95 287.21 310.98 341.50 377.12 416.55 458.79 503.15 549.10 320.00 324.41 337.31 357.77 384.59 416.55 452.55 491.71 533.33 576.89
168.65 160.00 168.65 192.30 226.27 266.67 310.98 357.77 406.17 455.68 119.26 106.67 119.26 150.85 192.30 238.51 287.21 337.31 388.27 439.80 75.42 53.33 75.42 119.26 168.65 219.90 271.95 324.41 377.12 429.99 53.33 0.00 53.33 106.67 160.00 213.33 266.67 320.00 373.33 426.67 75.42 53.33 75.42 119.26 168.65 219.90 271.95 324.41 377.12 429.99 119.26 106.67 119.26 150.85 192.30 238.51 287.21 337.31 388.27 439.80 168.65 160.00 168.65 192.30 226.27 266.67 310.98 357.77 406.17 455.68 219.90 213.33 219.90 238.51 266.67 301.70 341.50 384.59 429.99 477.03 271.95 266.67 271.95 287.21 310.98 341.50 377.12 416.55 458.79 503.15 324.41 320.00 324.41 337.31 357.77 384.59 416.55 452.55 491.71 533.33
192.30 168.65 160.00 168.65 192.30 226.27 266.67 310.98 357.77 406.17 150.85 119.26 106.67 119.26 150.85 192.30 238.51 287.21 337.31 388.27 119.26 75.42 53.33 75.42 119.26 168.65 219.90 271.95 324.41 377.12 106.67 53.33 0.00 53.33 106.67 160.00 213.33 266.67 320.00 373.33 119.26 75.42 53.33 75.42 119.26 168.65 219.90 271.95 324.41 377.12 150.85 119.26 106.67 119.26 150.85 192.30 238.51 287.21 337.31 388.27 192.30 168.65 160.00 168.65 192.30 226.27 266.67 310.98 357.77 406.17 238.51 219.90 213.33 219.90 238.51 266.67 301.70 341.50 384.59 429.99 287.21 271.95 266.67 271.95 287.21 310.98 341.50 377.12 416.55 458.79 337.31 324.41 320.00 324.41 337.31 357.77 384.59 416.55 452.55 491.71
226.27 192.30 168.65 160.00 168.65 192.30 226.27 266.67 310.98 357.77 192.30 150.85 119.26 106.67 119.26 150.85 192.30 238.51 287.21 337.31 168.65 119.26 75.42 53.33 75.42 119.26 168.65 219.90 271.95 324.41 160.00 106.67 53.33 0.00 53.33 106.67 160.00 213.33 266.67 320.00 168.65 119.26 75.42 53.33 75.42 119.26 168.65 219.90 271.95 324.41 192.30 150.85 119.26 106.67 119.26 150.85 192.30 238.51 287.21 337.31 226.27 192.30 168.65 160.00 168.65 192.30 226.27 266.67 310.98 357.77 266.67 238.51 219.90 213.33 219.90 238.51 266.67 301.70 341.50 384.59 310.98 287.21 271.95 266.67 271.95 287.21 310.98 341.50 377.12 416.55 357.77 337.31 324.41 320.00 324.41 337.31 357.77 384.59 416.55 452.55
266.67 226.27 192.30 168.65 160.00 168.65 192.30 226.27 266.67 310.98 238.51 192.30 150.85 119.26 106.67 119.26 150.85 192.30 238.51 287.21 219.90 168.65 119.26 75.42 53.33 75.42 119.26 168.65 219.90 271.95 213.33 160.00 106.67 53.33 0.00 53.33 106.67 160.00 213.33 266.67 219.90 168.65 119.26 75.42 53.33 75.42 119.26 168.65 219.90 271.95 238.51 192.30 150.85 119.26 106.67 119.26 150.85 192.30 238.51 287.21 266.67 226.27 192.30 168.65 160.00 168.65 192.30 226.27 266.67 310.98 301.70 266.67 238.51 219.90 213.33 219.90 238.51 266.67 301.70 341.50 341.50 310.98 287.21 271.95 266.67 271.95 287.21 310.98 341.50 377.12 384.59 357.77 337.31 324.41 320.00 324.41 337.31 357.77 384.59 416.55
310.98 266.67 226.27 192.30 168.65 160.00 168.65 192.30 226.27 266.67 287.21 238.51 192.30 150.85 119.26 106.67 119.26 150.85 192.30 238.51 271.95 219.90 168.65 119.26 75.42 53.33 75.42 119.26 168.65 219.90 266.67 213.33 160.00 106.67 53.33 0.00 53.33 106.67 160.00 213.33 271.95 219.90 168.65 119.26 75.42 53.33 75.42 119.26 168.65 219.90 287.21 238.51 192.30 150.85 119.26 106.67 119.26 150.85 192.30 238.51 310.98 266.67 226.27 192.30 168.65 160.00 168.65 192.30 226.27 266.67 341.50 301.70 266.67 238.51 219.90 213.33 219.90 238.51 266.67 301.70 377.12 341.50 310.98 287.21 271.95 266.67 271.95 287.21 310.98 341.50 416.55 384.59 357.77 337.31 324.41 320.00 324.41 337.31 357.77 384.59
357.77 310.98 266.67 226.27 192.30 168.65 160.00 168.65 192.30 226.27 337.31 287.21 238.51 192.30 150.85 119.26 106.67 119.26 150.85 192.30 324.41 271.95 219.90 168.65 119.26 75.42 53.33 75.42 119.26 168.65 320.00 266.67 213.33 160.00 106.67 53.33 0.00 53.33 106.67 160.00 324.41 271.95 219.90 168.65 119.26 75.42 53.33 75.42 119.26 168.65 337.31 287.21 238.51 192.30 150.85 119.26 106.67 119.26 150.85 192.30 357.77 310.98 266.67 226.27 192.30 168.65 160.00 168.65 192.30 226.27 384.59 341.50 301.70 266.67 238.51 219.90 213.33 219.90 238.51 266.67 416.55 377.12 341.50 310.98 287.21 271.95 266.67 271.95 287.21 310.98 452.55 416.55 384.59 357.77 337.31 324.41 320.00 324.41 337.31 357.77
406.17 357.77 310.98 266.67 226.27 192.30 168.65 160.00 168.65 192.30 388.27 337.31 287.21 238.51 192.30 150.85 119.26 106.67 119.26 150.85 377.12 324.41 271.95 219.90 168.65 119.26 75.42 53.33 75.42 119.26 373.33 320.00 266.67 213.33 160.00 106.67 53.33 0.00 53.33 106.67 377.12 324.41 271.95 219.90 168.65 119.26 75.42 53.33 75.42 119.26 388.27 337.31 287.21 238.51 192.30 150.85 119.26 106.67 119.26 150.85 406.17 357.77 310.98 266.67 226.27 192.30 168.65 160.00 168.65 192.30 429.99 384.59 341.50 301.70 266.67 238.51 219.90 213.33 219.90 238.51 458.79 416.55 377.12 341.50 310.98 287.21 271.95 266.67 271.95 287.21 491.71 452.55 416.55 384.59 357.77 337.31 324.41 320.00 324.41 337.31
455.68 406.17 357.77 310.98 266.67 226.27 192.30 168.65 160.00 168.65 439.80 388.27 337.31 287.21 238.51 192.30 150.85 119.26 106.67 119.26 429.99 377.12 324.41 271.95 219.90 168.65 119.26 75.42 53.33 75.42 426.67 373.33 320.00 266.67 213.33 160.00 106.67 53.33 0.00 53.33 429.99 377.12 324.41 271.95 219.90 168.65 119.26 75.42 53.33 75.42 439.80 388.27 337.31 287.21 238.51 192.30 150.85 119.26 106.67 119.26 455.68 406.17 357.77 310.98 266.67 226.27 192.30 168.65 160.00 168.65 477.03 429.99 384.59 341.50 301.70 266.67 238.51 219.90 213.33 219.90 503.15 458.79 416.55 377.12 341.50 310.98 287.21 271.95 266.67 271.95 533.33 491.71 452.55 416.55 384.59 357.77 337.31 324.41 320.00 324.41
505.96 455.68 406.17 357.77 310.98 266.67 226.27 192.30 168.65 160.00 491.71 439.80 388.27 337.31 287.21 238.51 192.30 150.85 119.26 106.67 482.95 429.99 377.12 324.41 271.95 219.90 168.65 119.26 75.42 53.33 480.00 426.67 373.33 320.00 266.67 213.33 160.00 106.67 53.33 0.00 482.95 429.99 377.12 324.41 271.95 219.90 168.65 119.26 75.42 53.33 491.71 439.80 388.27 337.31 287.21 238.51 192.30 150.85 119.26 106.67 505.96 455.68 406.17 357.77 310.98 266.67 226.27 192.30 168.65 160.00 525.27 477.03 429.99 384.59 341.50 301.70 266.67 238.51 219.90 213.33 549.10 503.15 458.79 416.55 377.12 341.50 310.98 287.21 271.95 266.67 576.89 533.33 491.71 452.55 416.55 384.59 357.77 337.31 324.41 320.00
213.33 219.90 238.51 266.67 301.70 341.50 384.59 429.99 477.03 525.27 160.00 168.65 192.30 226.27 266.67 310.98 357.77 406.17 455.68 505.96 106.67 119.26 150.85 192.30 238.51 287.21 337.31 388.27 439.80 491.71 53.33 75.42 119.26 168.65 219.90 271.95 324.41 377.12 429.99 482.95 0.00 53.33 106.67 160.00 213.33 266.67 320.00 373.33 426.67 480.00 53.33 75.42 119.26 168.65 219.90 271.95 324.41 377.12 429.99 482.95 106.67 119.26 150.85 192.30 238.51 287.21 337.31 388.27 439.80 491.71 160.00 168.65 192.30 226.27 266.67 310.98 357.77 406.17 455.68 505.96 213.33 219.90 238.51 266.67 301.70 341.50 384.59 429.99 477.03 525.27 266.67 271.95 287.21 310.98 341.50 377.12 416.55 458.79 503.15 549.10
219.90 213.33 219.90 238.51 266.67 301.70 341.50 384.59 429.99 477.03 168.65 160.00 168.65 192.30 226.27 266.67 310.98 357.77 406.17 455.68 119.26 106.67 119.26 150.85 192.30 238.51 287.21 337.31 388.27 439.80 75.42 53.33 75.42 119.26 168.65 219.90 271.95 324.41 377.12 429.99 53.33 0.00 53.33 106.67 160.00 213.33 266.67 320.00 373.33 426.67 75.42 53.33 75.42 119.26 168.65 219.90 271.95 324.41 377.12 429.99 119.26 106.67 119.26 150.85 192.30 238.51 287.21 337.31 388.27 439.80 168.65 160.00 168.65 192.30 226.27 266.67 310.98 357.77 406.17 455.68 219.90 213.33 219.90 238.51 266.67 301.70 341.50 384.59 429.99 477.03 271.95 266.67 271.95 287.21 310.98 341.50 377.12 416.55 458.79 503.15
238.51 219.90 213.33 219.90 238.51 266.67 301.70 341.50 384.59 429.99 192.30 168.65 160.00 168.65 192.30 226.27 266.67 310.98 357.77 406.17 150.85 119.26 106.67 119.26 150.85 192.30 238.51 287.21 337.31 388.27 119.26 75.42 53.33 75.42 119.26 168.65 219.90 271.95 324.41 377.12 106.67 53.33 0.00 53.33 106.67 160.00 213.33 266.67 320.00 373.33 119.26 75.42 53.33 75.42 119.26 168.65 219.90 271.95 324.41 377.12 150.85 119.26 106.67 119.26 150.85 192.30 238.51 287.21 337.31 388.27 192.30 168.65 160.00 168.65 192.30 226.27 266.67 310.98 357.77 406.17 238.51 219.90 213.33 219.90 238.51 266.67 301.70 341.50 384.59 429.99 287.21 271.95 266.67 271.95 287.21 310.98 341.50 377.12 416.55 458.79
266.67 238.51 219.90 213.33 219.90 238.51 266.67 301.70 341.50 384.59 226.27 192.30 168.65 160.00 168.65 192.30 226.27 266.67 310.98 357.77 192.30 150.85 119.26 106.67 119.26 150.85 192.30 238.51 287.21 337.31 168.65 119.26 75.42 53.33 75.42 119.26 168.65 219.90 271.95 324.41 160.00 106.67 53.33 0.00 53.33 106.67 160.00 213.33 266.67 320.00 168.65 119.26 75.42 53.33 75.42 119.26 168.65 219.90 271.95 324.41 192.30 150.85 119.26 106.67 119.26 150.85 192.30 238.51 287.21 337.31 226.27 192.30 168.65 160.00 168.65 192.30 226.27 266.67 310.98 357.77 266.67 238.51 219.90 213.33 219.90 238.51 266.67 301.70 341.50 384.59 310.98 287.21 271.95 266.67 271.95 287.21 310.98 341.50 377.12 416.55
301.70 266.67 238.51 219.90 213.33 219.90 238.51 266.67 301.70 341.50 266.67 226.27 192.30 168.65 160.00 168.65 192.30 226.27 266.67 310.98 238.51 192.30 150.85 119.26 106.67 119.26 150.85 192.30 238.51 287.21 219.90 168.65 119.26 75.42 53.33 75.42 119.26 168.65 219.90 271.95 213.33 160.00 106.67 53.33 0.00 53.33 106.67 160.00 213.33 266.67 219.90 168.65 119.26 75.42 53.33 75.42 119.26 168.65 219.90 271.95 238.51 192.30 150.85 119.26 106.67 119.26 150.85 192.30 238.51 287.21 266.67 226.27 192.30 168.65 160.00 168.65 192.30 226.27 266.67 310.98 301.70 266.67 238.51 219.90 213.33 219.90 238.51 266.67 301.70 341.50 341.50 310.98 287.21 271.95 266.67 271.95 287.21 310.98 341.50 377.12
341.50 301.70 266.67 238.51 219.90 213.33 219.90 238.51 266.67 301.70 310.98 266.67 226.27 192.30 168.65 160.00 168.65 192.30 226.27 266.67 287.21 238.51 192.30 150.85 119.26 106.67 119.26 150.85 192.30 238.51 271.95 219.90 168.65 119.26 75.42 53.33 75.42 119.26 168.65 219.90 266.67 213.33 160.00 106.67 53.33 0.00 53.33 106.67 160.00 213.33 271.95 219.90 168.65 119.26 75.42 53.33 75.42 119.26 168.65 219.90 287.21 238.51 192.30 150.85 119.26 106.67 119.26 150.85 192.30 238.51 310.98 266.67 226.27 192.30 168.65 160.00 168.65 192.30 226.27 266.67 341.50 301.70 266.67 238.51 219.90 213.33 219.90 238.51 266.67 301.70 377.12 341.50 310.98 287.21 271.95 266.67 271.95 287.21 310.98 341.50
384.59 341.50 301.70 266.67 238.51 219.90 213.33 219.90 238.51 266.67 357.77 310.98 266.67 226.27 192.30 168.65 160.00 168.65 192.30 226.27 337.31 287.21 238.51 192.30 150.85 119.26 106.67 119.26 150.85 192.30 324.41 271.95 219.90 168.65 119.26 75.42 53.33 75.42 119.26 168.65 320.00 266.67 213.33 160.00 106.67 53.33 0.00 53.33 106.67 160.00 324.41 271.95 219.90 168.65 119.26 75.42 53.33 75.42 119.26 168.65 337.31 287.21 238.51 192.30 150.85 119.26 106.67 119.26 150.85 192.30 357.77 310.98 266.67 226.27 192.30 168.65 160.00 168.65 192.30 226.27 384.59 341.50 301.70 266.67 238.51 219.90 213.33 219.90 238.51 266.67 416.55 377.12 341.50 310.98 287.21 271.95 266.67 271.95 287.21 310.98
429.99 384.59 341.50 301.70 266.67 238.51 219.90 213.33 219.90 238.51 406.17 357.77 310.98 266.67 226.27 192.30 168.65 160.00 168.65 192.30 388.27 337.31 287.21 238.51 192.30 150.85 119.26 106.67 119.26 150.85 377.12 324.41 271.95 219.90 168.65 119.26 75.42 53.33 75.42 119.26 373.33 320.00 266.67 213.33 160.00 106.67 53.33 0.00 53.33 106.67 377.12 324.41 271.95 219.90 168.65 119.26 75.42 53.33 75.42 119.26 388.27 337.31 287.21 238.51 192.30 150.85 119.26 106.67 119.26 150.85 406.17 357.77 310.98 266.67 226.27 192.30 168.65 160.00 168.65 192.30 429.99 384.59 341.50 301.70 266.67 238.51 219.90 213.33 219.90 238.51 458.79 416.55 377.12 341.50 310.98 287.21 271.95 266.67 271.95 287.21
477.03 429.99 384.59 341.50 301.70 266.67 238.51 219.90 213.33 219.90 455.68 406.17 357.77 310.98 266.67 226.27 192.30 168.65 160.00 168.65 439.80 388.27 337.31 287.21 238.51 192.30 150.85 119.26 106.67 119.26 429.99 377.12 324.41 271.95 219.90 168.65 119.26 75.42 53.33 75.42 426.67 373.33 320.00 266.67 213.33 160.00 106.67 53.33 0.00 53.33 429.99 377.12 324.41 271.95 219.90 168.65 119.26 75.42 53.33 75.42 439.80 388.27 337.31 287.21 238.51 192.30 150.85 119.26 106.67 119.26 455.68 406.17 357.77 310.98 266.67 226.27 192.30 168.65 160.00 168.65 477.03 429.99 384.59 341.50 301.70 266.67 238.51 219.90 213.33 219.90 503.15 458.79 416.55 377.12 341.50 310.98 287.21 271.95 266.67 271.95
525.27 477.03 429.99 384.59 341.50 301.70 266.67 238.51 219.90 213.33 505.96 455.68 406.17 357.77 310.98 266.67 226.27 192.30 168.65 160.00 491.71 439.80 388.27 337.31 287.21 238.51 192.30 150.85 119.26 106.67 482.95 429.99 377.12 324.41 271.95 219.90 168.65 119.26 75.42 53.33 480.00 426.67 373.33 320.00 266.67 213.33 160.00 106.67 53.33 0.00 482.95 429.99 377.12 324.41 271.95 219.90 168.65 119.26 75.42 53.33 491.71 439.80 388.27 337.31 287.21 238.51 192.30 150.85 119.26 106.67 505.96 455.68 406.17 357.77 310.98 266.67 226.27 192.30 168.65 160.00 525.27 477.03 429.99 384.59 341.50 301.70 266.67 238.51 219.90 213.33 549.10 503.15 458.79 416.55 377.12 341.50 310.98 287.21 271.95 266.67
266.67 271.95 287.21 310.98 341.50 377.12 416.55 458.79 503.15 549.10 213.33 219.90 238.51 266.67 301.70 341.50 384.59 429.99 477.03 525.27 160.00 168.65 192.30 226.27 266.67 310.98 357.77 406.17 455.68 505.96 106.67 119.26 150.85 192.30 238.51 287.21 337.31 388.27 439.80 491.71 53.33 75.42 119.26 168.65 219.90 271.95 324.41 377.12 429.99 482.95 0.00 53.33 106.67 160.00 213.33 266.67 320.00 373.33 426.67 480.00 53.33 75.42 119.26 168.65 219.90 271.95 324.41 377.12 429.99 482.95 106.67 119.26 150.85 192.30 238.51 287.21 337.31 388.27 439.80 491.71 160.00 168.65 192.30 226.27 266.67 310.98 357.77 406.17 455.68 505.96 213.33 219.90 238.51 266.67 301.70 341.50 384.59 429.99 477.03 525.27
271.95 266.67 271.95 287.21 310.98 341.50 377.12 416.55 458.79 503.15 219.90 213.33 219.90 238.51 266.67 301.70 341.50 384.59 429.99 477.03 168.65 160.00 168.65 192.30 226.27 266.67 310.98 357.77 406.17 455.68 119.26 106.67 119.26 150.85 192.30 238.51 287.21 337.31 388.27 439.80 75.42 53.33 75.42 119.26 168.65 219.90 271.95 324.41 377.12 429.99 53.33 0.00 53.33 106.67 160.00 213.33 266.67 320.00 373.33 426.67 75.42 53.33 75.42 119.26 168.65 219.90 271.95 324.41 377.12 429.99 119.26 106.67 119.26 150.85 192.30 238.51 287.21 337.31 388.27 439.80 168.65 160.00 168.65 192.30 226.27 266.67 310.98 357.77 406.17 455.68 219.90 213.33 219.90 238.51 266.67 301.70 341.50 384.59 429.99 477.03
287.21 271.95 266.67 271.95 287.21 310.98 341.50 377.12 416.55 458.79 238.51 219.90 213.33 219.90 238.51 266.67 301.70 341.50 384.59 429.99 192.30 168.65 160.00 168.65 192.30 226.27 266.67 310.98 357.77 406.17 150.85 119.26 106.67 119.26 150.85 192.30 238.51 287.21 337.31 388.27 119.26 75.42 53.33 75.42 119.26 168.65 219.90 271.95 324.41 377.12 106.67 53.33 0.00 53.33 106.67 160.00 213.33 266.67 320.00 373.33 119.26 75.42 53.33 75.42 119.26 168.65 219.90 271.95 324.41 377.12 150.85 119.26 106.67 119.26 150.85 192.30 238.51 287.21 337.31 388.27 192.30 168.65 160.00 168.65 192.30 226.27 266.67 310.98 357.77 406.17 238.51 219.90 213.33 219.90 238.51 266.67 301.70 341.50 384.59 429.99
310.98 287.21 271.95 266.67 271.95 287.21 310.98 341.50 377.12 416.55 266.67 238.51 219.90 213.33 219.90 238.51 266.67 301.70 341.50 384.59 226.27 192.30 168.65 160.00 168.65 192.30 226.27 266.67 310.98 357.77 192.30 150.85 119.26 106.67 119.26 150.85 192.30 238.51 287.21 337.31 168.65 119.26 75.42 53.33 75.42 119.26 168.65 219.90 271.95 324.41 160.00 106.67 53.33 0.00 53.33 106.67 160.00 213.33 266.67 320.00 168.65 119.26 75.42 53.33 75.42 119.26 168.65 219.90 271.95 324.41 192.30 150.85 119.26 106.67 119.26 150.85 192.30 238.51 287.21 337.31 226.27 192.30 168.65 160.00 168.65 192.30 226.27 266.67 310.98 357.77 266.67 238.51 219.90 213.33 219.90 238.51 266.67 301.70 341.50 384.59
341.50 310.98 287.21 271.95 266.67 271.95 287.21 310.98 341.50 377.12 301.70 266.67 238.51 219.90 213.33 219.90 238.51 266.67 301.70 341.50 266.67 226.27 192.30 168.65 160.00 168.65 192.30 226.27 266.67 310.98 238.51 192.30 150.85 119.26 106.67 119.26 150.85 192.30 238.51 287.21 219.90 168.65 119.26 75.42 53.33 75.42 119.26 168.65 219.90 271.95 213.33 160.00 106.67 53.33 0.00 53.33 106.67 160.00 213.33 266.67 219.90 168.65 119.26 75.42 53.33 75.42 119.26 168.65 219.90 271.95 238.51 192.30 150.85 119.26 106.67 119.26 150.85 192.30 238.51 287.21 266.67 226.27 192.30 168.65 160.00 168.65 192.30 226.27 266.67 310.98 301.70 266.67 238.51 219.90 213.33 219.90 238.51 266.67 301.70 341.50
377.12 341.50 310.98 287.21 271.95 266.67 271.95 287.21 310.98 341.50 341.50 301.70 266.67 238.51 219.90 213.33 219.90 238.51 266.67 301.70 310.98 266.67 226.27 192.30 168.65 160.00 168.65 192.30 226.27 266.67 287.21 238.51 192.30 150.85 119.26 106.67 119.26 150.85 192.30 238.51 271.95 219.90 168.65 119.26 75.42 53.33 75.42 119.26 168.65 219.90 266.67 213.33 160.00 106.67 53.33 0.00 53.33 106.67 160.00 213.33 271.95 219.90 168.65 119.26 75.42 53.33 75.42 119.26 168.65 219.90 287.21 238.51 192.30 150.85 119.26 106.67 119.26 150.85 192.30 238.51 310.98 266.67 226.27 192.30 168.65 160.00 168.65 192.30 226.27 266.67 341.50 301.70 266.67 238.51 219.90 213.33 219.90 238.51 266.67 301.70
416.55 377.12 341.50 310.98 287.21 271.95 266.67 271.95 287.21 310.98 384.59 341.50 301.70 266.67 238.51 219.90 213.33 219.90 238.51 266.67 357.77 310.98 266.67 226.27 192.30 168.65 160.00 168.65 192.30 226.27 337.31 287.21 238.51 192.30 150.85 119.26 106.67 119.26 150.85 192.30 324.41 271.95 219.90 168.65 119.26 75.42 53.33 75.42 119.26 168.65 320.00 266.67 213.33 160.00 106.67 53.33 0.00 53.33 106.67 160.00 324.41 271.95 219.90 168.65 119.26 75.42 53.33 75.42 119.26 168.65 337.31 287.21 238.51 192.30 150.85 119.26 106.67 119.26 150.85 192.30 357.77 310.98 266.67 226.27 192.30 168.65 160.00 168.65 192.30 226.27 384.59 341.50 301.70 266.67 238.51 219.90 213.33 219.90 238.51 266.67
